   -2.875989    -2.298298    -1.549665    -2.174831    -1.212583
   -2.482456    -1.589424    -1.837446    -0.987375    -1.552747
   -3.219708    -0.661869     2.970707     1.607068     0.769049
   -3.256815    -2.692448    -0.288964     5.750740    -4.904988
   -0.972746    -0.414795    -0.241180    -0.792373    -0.170525
   -0.776475    -0.147234    -0.052649    -0.407714    -0.852861
    3.539128    -2.594212    -1.810831     4.711032    -3.423588
    5.703363    -2.870617    -2.468483    -4.795051    -2.433286
   -1.362709    -1.164420     4.516707    -2.786050    -0.438892
    0.942028     0.239601     2.749622    -3.061330    -2.531321
   -2.475718    -0.946126     2.583370     3.329741    -2.439732
    0.311137    -1.664448     1.751339    -5.755261    -2.216066
   -0.757080    -0.960100    -0.922019    -0.552880    -2.072204
    1.114594     0.016262     3.804247    -1.349354    -4.124860
   -0.780061    -0.579826    -0.611273     0.028445     0.208612
   -0.239063    -0.165745    -0.535404    -0.376337    -0.474291
   -3.979849     1.234836    -4.518216     5.241047     1.941595
   -5.178951    -2.272406     1.772438    -2.504393     1.555165
   -0.665851     0.211072    -0.253861    -0.175309    -0.719646
   -0.431019    -0.209446    -0.525877    -0.527017    -0.336950
    1.113126     1.227097    -2.555355    -0.312806    -8.731028
   -0.040849    -3.966984    -0.882644     3.729662     7.027984
   -1.522751    -0.051286    -0.788258    -1.073193     1.062840
    3.924049    -0.928430    -1.224705    -3.404788    -0.731854
   -1.043895     1.521440    -1.495412    -4.027703    -1.061117
   -0.206345    -1.665585     5.955399    -3.253376    -1.240266
   -0.420511    -3.055650    -1.888212    -3.713471     0.596292
    1.227733     0.063407     0.300676     2.777942    -4.410442
   -4.128825    -3.032716    -0.734081    -2.732015     2.743574
   -0.919838     2.297393    -4.349163    -2.765134     5.249351
   -0.023755    -0.361112    -0.473591    -0.543574    -0.369842
   -0.290037    -0.012909    -0.076675    -0.948566    -0.931160
   -2.462817    -2.196727    -1.512669    -1.902157    -1.378064
   -2.248908    -0.605630    -2.368790    -0.322912    -1.328273
   -1.754564     2.417259     4.562385    -3.875038     0.402263
    4.208440    -3.337707    -1.267707    -2.927359    -1.411678
   -0.361483     5.119921    -4.055672    -0.947379    -1.335261
    1.317781     0.543692    -2.778500    -2.215815    -0.113650
   -0.137290     0.159644    -0.316490     0.033192    -0.162268
   -0.013424    -0.686299    -0.079550    -0.162062    -0.322161
    5.430878    -1.703839    -0.690977    -4.453660     2.940314
   -4.131799    -2.154411     3.206666    -4.023047    -0.565027
    3.920165     0.211467     3.054465    -0.631846    -5.882673
   -5.504176     6.377091    -3.577202    -2.874811    -2.549490
    0.023544    -0.426113    -0.003526    -0.474467    -0.340962
   -0.287301    -0.466461    -0.436622    -0.324381    -0.090403
   -0.373478     0.419258     0.119567    -0.096131    -0.558097
   -0.307235    -0.516130    -0.683063    -0.159738    -0.116658
   -3.264008     3.506581    -4.436989    -1.111260    -0.323929
    3.363388     3.639479    -1.580305    -0.598861    -3.262729
   -0.850281    -3.616690    -1.852261    -1.740508     0.674350
   -0.833161    -3.047831    -2.089446    -0.559228    -1.629621
